Slope: -0.27002919095789923
Intercept: 85.58985637192909
R-squared: 0.03265066633152751
p-value: 0.00011406954528936724